GRHL2 0.000738 0.013830 0.022019 0.272674 0.102134 0.006393 0.017838 0.003374 0.001173 0.039180 0.009148 0.187486 0.278895 0.022478 0.016819 0.005821
GRHL2_0_0_0 0.000395 0.017539 0.020661 0.247354 0.108039 0.007022 0.015460 0.003130 0.001179 0.039723 0.013092 0.210787 0.269509 0.022014 0.018300 0.005796
GRHL2_0_0_2 0.000811 0.007571 0.042968 0.366591 0.061189 0.003937 0.011309 0.005402 0.001213 0.048225 0.006469 0.108723 0.274461 0.037461 0.009586 0.014083
GRHL2_0_1_0 0.000536 0.008904 0.011358 0.196589 0.168802 0.010984 0.037430 0.005097 0.004511 0.079958 0.016087 0.227589 0.199150 0.014758 0.014777 0.003470
GRHL2_0_1_1 0.000293 0.013664 0.018267 0.233496 0.137470 0.006870 0.026795 0.005445 0.001693 0.061458 0.013530 0.212374 0.229673 0.021054 0.012713 0.005205
GRHL2_0_2_1 0.000708 0.018712 0.017632 0.247349 0.132230 0.009101 0.009296 0.003372 0.000403 0.010965 0.011867 0.236212 0.261686 0.017014 0.018564 0.004889
GRHL2_0_2_2 0.004992 0.080022 0.012804 0.168180 0.150397 0.011611 0.007422 0.002872 0.000442 0.008301 0.013204 0.260198 0.220499 0.014154 0.038211 0.006691
GRHL2_0_3_0 0.000802 0.017542 0.016444 0.294585 0.080356 0.013211 0.012934 0.004626 0.004409 0.028775 0.031520 0.155307 0.294532 0.018580 0.020972 0.005405
GRHL2_0_3_2 0.003842 0.012252 0.104448 0.180274 0.114356 0.005493 0.021828 0.002707 0.000473 0.059736 0.008015 0.196325 0.229784 0.042017 0.012737 0.005713
GRHL2_1_0_0 0.000882 0.006067 0.012026 0.083413 0.262172 0.021895 0.062792 0.012596 0.004030 0.128594 0.019605 0.259540 0.045401 0.030988 0.025296 0.024703
GRHL2_1_0_2 0.000609 0.011871 0.045530 0.476516 0.005233 0.001097 0.002998 0.004051 0.000124 0.006324 0.003687 0.051726 0.359260 0.019179 0.008985 0.002810
GRHL2_1_1_0 0.000426 0.012612 0.022438 0.242335 0.091721 0.022012 0.036999 0.015457 0.000101 0.022504 0.009490 0.129186 0.272434 0.063436 0.035147 0.023702
GRHL2_1_1_1 0.000849 0.012360 0.021865 0.266767 0.100461 0.010880 0.022709 0.003209 0.000618 0.027848 0.009741 0.155424 0.303365 0.035277 0.021833 0.006794
GRHL2_1_2_1 0.003009 0.050268 0.019137 0.236553 0.047794 0.004229 0.066798 0.008312 0.002856 0.091804 0.005439 0.122999 0.210934 0.022906 0.096250 0.010712
GRHL2_1_2_2 0.009702 0.171969 0.012426 0.105781 0.016803 0.003646 0.096215 0.022055 0.006054 0.152168 0.005044 0.050597 0.101762 0.014512 0.199563 0.031704
GRHL2_1_3_1 0.004856 0.008615 0.118309 0.182952 0.059521 0.045712 0.013014 0.010621 0.008170 0.025586 0.058791 0.122689 0.161045 0.153857 0.014494 0.011768
GRHL2_1_3_2 0.010749 0.004467 0.247027 0.042534 0.011474 0.090360 0.007846 0.027870 0.014309 0.016064 0.125944 0.041808 0.031247 0.287215 0.008187 0.032899
GRHL2_2_0_0 0.000115 0.001835 0.039451 0.436726 0.011832 0.000554 0.010804 0.003526 0.000804 0.041353 0.002482 0.045735 0.359211 0.038470 0.004459 0.002643
GRHL2_2_0_2 0.002486 0.036702 0.010952 0.117084 0.231091 0.019397 0.015069 0.003167 0.002616 0.067299 0.018567 0.294297 0.127137 0.013738 0.026748 0.013650
GRHL2_2_1_1 0.001844 0.022974 0.020102 0.250761 0.089425 0.006201 0.037276 0.009217 0.003780 0.072194 0.008269 0.164794 0.254852 0.019155 0.027853 0.011303
GRHL2_2_1_2 0.002846 0.035276 0.013395 0.204979 0.096537 0.012446 0.057672 0.020853 0.008698 0.115836 0.005457 0.119812 0.213369 0.036992 0.035523 0.020309
GRHL2_2_2_0 0.000879 0.016105 0.021166 0.267933 0.084396 0.005764 0.036135 0.005722 0.001277 0.035647 0.010190 0.195932 0.255427 0.018013 0.037089 0.008325
GRHL2_2_2_2 0.001648 0.025746 0.018274 0.254083 0.111861 0.008164 0.017295 0.003031 0.000773 0.050161 0.010421 0.167340 0.281610 0.024116 0.021378 0.004098
GRHL2_2_3_0 0.000646 0.020914 0.146919 0.139459 0.079201 0.025387 0.023927 0.005262 0.000736 0.062442 0.065592 0.116377 0.203850 0.080189 0.024034 0.005063
GRHL2_2_3_2 0.002438 0.008247 0.002429 0.297399 0.105422 0.003795 0.013767 0.005003 0.004411 0.020384 0.002449 0.196519 0.309945 0.008693 0.012141 0.006958
GRHL2_3_0_0 0.000100 0.008523 0.006787 0.423744 0.015493 0.003644 0.003807 0.003591 0.001258 0.011316 0.011302 0.087415 0.386031 0.014775 0.016379 0.005835
GRHL2_3_0_2 0.001273 0.007219 0.063382 0.113575 0.218810 0.005449 0.035531 0.004116 0.001933 0.110228 0.011641 0.258072 0.084644 0.055271 0.010789 0.018067
GRHL2_3_1_1 0.001462 0.013934 0.029445 0.280691 0.083798 0.013732 0.011010 0.009028 0.002833 0.024017 0.017292 0.166238 0.287452 0.031969 0.014491 0.012608
GRHL2_3_1_2 0.003498 0.011757 0.044489 0.248909 0.074358 0.022674 0.017053 0.021230 0.010706 0.014439 0.032252 0.133650 0.267960 0.046216 0.022967 0.027842
GRHL2_3_2_0 0.000154 0.056576 0.026292 0.230403 0.065319 0.010959 0.043828 0.006070 0.000769 0.092094 0.014904 0.125826 0.239595 0.024988 0.055483 0.006738
GRHL2_3_2_2 0.001423 0.004041 0.014603 0.279716 0.127743 0.003657 0.006848 0.003869 0.000878 0.012425 0.005357 0.219011 0.291831 0.015989 0.005439 0.007170
GRHL2_3_3_0 0.001761 0.017099 0.033649 0.262843 0.090569 0.014677 0.014696 0.005806 0.001479 0.037130 0.017177 0.176913 0.255763 0.046338 0.015445 0.008655
GRHL2_3_3_2 0.001273 0.013631 0.056799 0.231755 0.106899 0.008778 0.024734 0.002723 0.002103 0.037650 0.028747 0.160328 0.273053 0.028121 0.019650 0.003754
